118.125444261, -46.138238617, 78.3752163257, 58.330348393, 1490714207.69
118.06293437, -46.1358480508, 80.6241394687, 57.8066625648, 1490714208.69
118.000424479, -46.1334472393, 82.9155737766, 57.4265899555, 1490714209.69
117.937914587, -46.1310430128, 85.2335824568, 57.1920294162, 1490714210.69
117.875404696, -46.128631956, 87.5616266485, 57.104191497, 1490714211.69
117.812894805, -46.1262174841, 89.8827697235, 57.1625990858, 1490714212.69
117.750384914, -46.123796182, -87.8197270656, 57.3658586957, 1490714213.69
117.687875022, -46.1213714649, -85.5619658447, 57.7109257722, 1490714214.69
117.625378791, -46.1189399175, -83.359496688, 58.1938826764, 1490714215.69
117.5628689, -46.11650154, -81.2249926148, 58.8098094229, 1490714216.69
117.500359009, -46.1140597474, -79.1708482416, 59.5524935282, 1490714217.69
117.437862778, -46.1116111246, -77.2077149263, 60.4152570731, 1490714218.69
117.375366547, -46.1091590867, -75.3433205678, 61.3907982887, 1490714219.69
117.312856656, -46.1067002186, -73.5838478002, 62.471881913, 1490714220.69
117.250360425, -46.1042345203, -71.9349007057, 63.6502069896, 1490714221.69
117.187864194, -46.1017654069, -70.3991990136, 64.917834198, 1490714222.69
117.125367963, -46.0992928784, -68.9786611142, 66.2668049412, 1490714223.69
117.062871732, -46.0968101046, -67.6744070953, 67.6895215353, 1490714224.69
117.000375501, -46.0943239158, -66.4860654091, 69.1779806345, 1490714225.69
116.937892931, -46.0918343118, -65.4130941355, 70.724361652, 1490714226.69
116.8753967, -46.0893378777, -64.4538387967, 72.322151865, 1490714227.69
116.812900469, -46.0868346133, -63.6069243271, 73.9640047856, 1490714228.69
116.750417898, -46.0843279339, -62.8704762861, 75.6426975586, 1490714229.69
116.687921667, -46.0818144243, -62.2423102056, 77.3525077375, 1490714230.69
116.625439097, -46.0792974996, -61.7205764163, 79.0863505068, 1490714231.69
116.562956526, -46.0767737447, -61.3033384833, 80.8385842758, 1490714232.69
116.500473956, -46.0742465747, -60.9885709362, 82.6032710727, 1490714233.69
116.437991385, -46.0717125745, -60.7747736132, 84.3747472563, 1490714234.69
116.375508815, -46.0691717442, -60.6604251049, 86.1474228397, 1490714235.69
116.313026244, -46.0666274987, -60.6439857722, 87.9158074522, 1490714236.69
116.250543674, -46.0640798381, -60.7242868897, 89.6745417815, 1490714237.69
116.188061103, -46.0615219323, -60.9007184364, 91.4183114139, 1490714238.69
116.125578533, -46.0589640264, -61.1718381826, 93.1418530082, 1490714239.69
116.063109622, -46.0563958753, -61.5374338148, 94.8394976471, 1490714240.69
116.000627052, -46.0538277242, -61.9963562352, 96.5068201386, 1490714241.69
115.938158142, -46.0512493278, -62.5484168381, 98.1377147599, 1490714242.69
115.875689232, -46.0486675163, -63.1926313553, 99.7273541231, 1490714243.69
115.813220321, -46.0460822897, -63.928257747, 101.270455192, 1490714244.69
115.750737751, -46.0434902329, -64.7547367374, 102.761965571, 1490714245.69
115.688268841, -46.0408913459, -65.6706155722, 104.195860982, 1490714246.69
115.625799931, -46.0382890438, -66.6743827278, 105.567249578, 1490714247.69
115.563344681, -46.0356833267, -67.7639402972, 106.870556329, 1490714248.69
115.500875771, -46.0330707793, -68.9374887156, 108.101049091, 1490714249.69
115.438406861, -46.0304514018, -70.1918356377, 109.253277302, 1490714250.69
115.375951611, -46.0278286091, -71.5228923031, 110.322149291, 1490714251.69
115.313482701, -46.0251989863, -72.9269375439, 111.303285271, 1490714252.69
115.251027451, -46.0225659484, -74.3980649945, 112.191875422, 1490714253.69
115.188558541, -46.0199260802, -75.9309730637, 112.984077528, 1490714254.69
115.126103291, -46.017282797, -77.5180477763, 113.675945461, 1490714255.69
115.063648041, -46.0146326836, -79.1520358288, 114.264311769, 1490714256.69
115.001192791, -46.0119791551, -80.8244264885, 114.746705553, 1490714257.69
114.938737542, -46.0093187965, -82.5262420595, 115.120930077, 1490714258.69
114.876282292, -46.0066550227, -84.247831969, 115.385833645, 1490714259.69
114.813827042, -46.0039844187, -85.9793114308, 115.540611452, 1490714260.69
114.751371792, -46.0013103997, -87.7105130871, 115.585581874, 1490714261.69
114.688930203, -45.9986295504, -89.4309702004, 115.521418923, 1490714262.69
114.626474953, -45.9959452861, 88.8685057438, 115.349968159, 1490714263.69
114.564033364, -45.9932541915, 87.1982096289, 115.073359322, 1490714264.69
114.501584944, -45.9905596819, 85.5665821872, 114.694741999, 1490714265.69
114.439136525, -45.9878583421, 83.9821854888, 114.217510822, 1490714266.69
114.376694935, -45.9851535872, 82.4527156064, 113.646021546, 1490714267.69
114.314253346, -45.9824420021, 80.9847821477, 112.984627633, 1490714268.69
114.251811756, -45.9797270019, 79.5841648248, 112.238464786, 1490714269.69
114.189370167, -45.9770051715, 78.2559231672, 111.412611192, 1490714270.69
114.126928578, -45.974279926, 77.0040768014, 110.512727032, 1490714271.69
114.064493818, -45.9715478503, 75.8321772258, 109.544391449, 1490714272.69
114.002059059, -45.9688123596, 74.7425131607, 108.513434208, 1490714273.69
113.9396243, -45.9660734537, 73.73695571, 107.425641597, 1490714274.69
113.877189541, -45.9633243026, 72.8170852942, 106.286539567, 1490714275.69
113.814754782, -45.9605751514, 71.983236849, 105.102305199, 1490714276.69
113.752320022, -45.9578191701, 71.2360490922, 103.878380268, 1490714277.69
113.689892093, -45.9550563586, 70.5755936504, 102.620536338, 1490714278.69
113.627464164, -45.952290132, 70.0012874081, 101.334289351, 1490714279.69
113.565036235, -45.9495204903, 69.5125733769, 100.025047095, 1490714280.69
113.502608306, -45.9467440184, 69.1088968316, 98.6980336981, 1490714281.69
113.440180377, -45.9439641314, 68.7892017495, 97.3585261742, 1490714282.69
113.377759279, -45.9411774142, 68.5527294437, 96.0116898332, 1490714283.69
113.31533135, -45.9383872819, 68.3981395015, 94.6622765081, 1490714284.69
113.252910251, -45.9355903195, 68.3245575286, 93.3154053125, 1490714285.69
113.190489152, -45.9327899419, 68.3305605553, 91.9757444863, 1490714286.69
113.128074883, -45.9299827342, 68.4150992912, 90.6480988781, 1490714287.69
113.065653784, -45.9271721113, 68.57665369, 89.3367837168, 1490714288.69
113.003239516, -45.9243546583, 68.8140403932, 88.0465900078, 1490714289.69
112.940818417, -45.9215372052, 69.1254223205, 86.7816107457, 1490714290.69
112.878404148, -45.9187095069, 69.5097802129, 85.5465236934, 1490714291.69
112.81598988, -45.9158783935, 69.9650398376, 84.3453719592, 1490714292.69
112.753582441, -45.913043865, 70.4893072924, 83.1824068063, 1490714293.69
112.691168173, -45.9102025063, 71.0808154842, 82.0614493619, 1490714294.69
112.628760734, -45.9073577325, 71.7370361206, 80.9865985557, 1490714295.69
112.566353296, -45.9045095436, 72.4555318971, 79.9614809363, 1490714296.69
112.503945857, -45.9016545246, 73.2337237387, 78.9898057172, 1490714297.69
112.441538419, -45.8987926753, 74.0685547104, 78.0750335688, 1490714298.69
112.379137811, -45.895927411, 74.9564123857, 77.2204031421, 1490714299.69
112.316730372, -45.8930587315, 75.8937845475, 76.4287137862, 1490714300.69
112.254329764, -45.8901832219, 76.8766229503, 75.7030630674, 1490714301.69
112.191929156, -45.8873042971, 77.9005154673, 75.0457044196, 1490714302.69
112.129528547, -45.8844219573, 78.9607974505, 74.4588124417, 1490714303.69
112.067134769, -45.8815327873, 80.0525002951, 73.9444634773, 1490714304.69
112.004734161, -45.8786402022, 81.1704718551, 73.5038504386, 1490714305.69
111.942340383, -45.8757407869, 82.3091000612, 73.138387284, 1490714306.69
111.879946605, -45.8728379565, 83.4627281352, 72.8485535265, 1490714307.69
111.817552827, -45.8699282959, 84.6256301851, 72.6348411267, 1490714308.69
111.755159049, -45.8670152202, 85.7918639192, 72.4969613494, 1490714309.69
111.692765271, -45.8640987294, 86.9555714086, 72.4343868467, 1490714310.69
111.630378323, -45.8611754085, 88.1108578457, 72.4463861146, 1490714311.69
111.567991375, -45.8582486724, 89.252135521, 72.5313979538, 1490714312.69
111.505604427, -45.8553151061, -89.6260699606, 72.6878904027, 1490714313.69
111.443217479, -45.8523815399, -88.5289842988, 72.9133797643, 1490714314.69
111.380830531, -45.8494377284, -87.4615841238, 73.2060177582, 1490714315.69
111.318450414, -45.8464939168, -86.4285156091, 73.5624522009, 1490714316.69
111.256070296, -45.84353986, -85.434002267, 73.9802431714, 1490714317.69
111.193690178, -45.8405858032, -84.4817318816, 74.4555488613, 1490714318.69
111.131310061, -45.8376249162, -83.5752437079, 74.9852595194, 1490714319.69
111.068929943, -45.8346606141, -82.7174851978, 75.5655265485, 1490714320.69
111.006549825, -45.8316894818, -81.9111576563, 76.1927119504, 1490714321.69
110.944176538, -45.8287149344, -81.1584714297, 76.862653681, 1490714322.69
110.88180325, -45.8257369719, -80.461146045, 77.5713949605, 1490714323.69
110.819429963, -45.8227521793, -79.8207721004, 78.3150176457, 1490714324.69
110.757056675, -45.8197639715, -79.2383526979, 79.0892603192, 1490714325.69
110.694690218, -45.8167723487, -78.7147562313, 79.8899347606, 1490714326.69
110.63231693, -45.8137738956, -78.2505035613, 80.7132071067, 1490714327.69
110.569950473, -45.8107720275, -77.845819273, 81.5547035747, 1490714328.69
110.507584016, -45.8077633291, -77.5007908339, 82.4105619609, 1490714329.69
110.445217558, -45.8047546308, -77.2148425984, 83.2765858555, 1490714330.69
110.382851101, -45.8017356872, -76.9880454709, 84.1491226427, 1490714331.69
110.320491474, -45.7987167436, -76.8192579594, 85.0239674325, 1490714332.69
110.258125017, -45.7956909698, -76.7079393281, 85.8976823912, 1490714333.69
110.19576539, -45.7926617809, -76.6529654579, 86.7663405103, 1490714334.69
110.133405762, -45.7896257618, -76.6533283667, 87.6264974444, 1490714335.69
110.071052966, -45.7865863276, -76.7075237396, 88.4745478863, 1490714336.69
110.008693338, -45.7835434784, -76.8140463528, 89.307330812, 1490714337.69
109.946340541, -45.7804937989, -76.9714775572, 90.1214489835, 1490714338.69
109.883987745, -45.7774407043, -77.1778335412, 90.9138874426, 1490714339.69
109.821634948, -45.7743841947, -77.4311879214, 91.6817046562, 1490714340.69
109.759282151, -45.7713208548, -77.7296600114, 92.4220720693, 1490714341.69
109.696929354, -45.7682540999, -78.0708338278, 93.1323718791, 1490714342.69
109.634583387, -45.7651839299, -78.4523187073, 93.8100633538, 1490714343.69
109.57223059, -45.7621103447, -78.8716542401, 94.4530223527, 1490714344.69
109.509884623, -45.7590299294, -79.3263180217, 95.0589174537, 1490714345.69
109.447538657, -45.7559426839, -79.8135421964, 95.6258983505, 1490714346.69
109.38519952, -45.7528554384, -80.3300291732, 96.1523884873, 1490714347.69
109.322853553, -45.7497613627, -80.8731761063, 96.6368545997, 1490714348.69
109.260514417, -45.7466638719, -81.4395981546, 97.0780175966, 1490714349.69
109.19817528, -45.7435595509, -82.0262666081, 97.4747971642, 1490714350.69
109.135836144, -45.74045523, -82.6295957781, 97.8266758737, 1490714351.69
109.073497007, -45.7373406637, -83.2466496477, 98.1326970898, 1490714352.69
109.01115787, -45.7342260974, -83.8736420851, 98.3930008185, 1490714353.69
108.948825564, -45.731104701, -84.5073669869, 98.6072040397, 1490714354.69
108.886493258, -45.7279798895, -85.1443732656, 98.775711481, 1490714355.69
108.824160951, -45.7248516628, -85.7813157612, 98.8989747942, 1490714356.69
108.761828645, -45.721716606, -86.4149814084, 98.9775022572, 1490714357.69
108.699496339, -45.7185815492, -87.042005589, 99.0125741141, 1490714358.69
108.637170862, -45.715436247, -87.659410615, 99.0047632904, 1490714359.69
108.574845386, -45.7122909449, -88.2640965653, 98.9560103566, 1490714360.69
108.51251308, -45.7091388126, -88.8533817124, 98.8675023079, 1490714361.69
108.450194434, -45.7059832652, -89.4243649365, 98.7411532848, 1490714362.69
108.387868958, -45.7028243027, -89.9747397988, 98.5789074645, 1490714363.69
108.325543482, -45.6996585101, 89.4978647318, 98.3826391453, 1490714364.69
108.263224836, -45.6964893023, 88.9956136106, 98.1547706226, 1490714365.69
108.20090619, -45.6933166794, 88.5203323765, 97.8976452545, 1490714366.69
108.138587544, -45.6901406415, 88.0736890961, 97.6137125355, 1490714367.69
108.076268898, -45.6869577733, 87.6571919523, 97.3053247228, 1490714368.69
108.013950252, -45.68377149, 87.2720293302, 96.9752866445, 1490714369.69
107.951638436, -45.6805817917, 86.9192491836, 96.6262865772, 1490714370.69
107.88932662, -45.6773886783, 86.5995827992, 96.2610131021, 1490714371.69
107.827014804, -45.6741887346, 86.3136984013, 95.8820268376, 1490714372.69
107.764702988, -45.6709853759, 86.0618610529, 95.4922392009, 1490714373.69
107.702391173, -45.6677786021, 85.8442098224, 95.0943747555, 1490714374.69
107.640086187, -45.6645649981, 85.6608456239, 94.6910199515, 1490714375.69
107.577774371, -45.6613513941, 85.5111809406, 94.2850738104, 1490714376.69
107.515469386, -45.6581309599, 85.3950983589, 93.8789284732, 1490714377.69
107.4531644, -45.6549036955, 85.3119510008, 93.4751266846, 1490714378.69
107.390866245, -45.6516764311, 85.2606356282, 93.0764107059, 1490714379.69
107.328561259, -45.6484423366, 85.2404435396, 92.6848716103, 1490714380.69
107.266263104, -45.6452048269, 85.2501082413, 92.3029672533, 1490714381.69
107.203964948, -45.6419639021, 85.2883076624, 91.9328293853, 1490714382.69
107.141666793, -45.6387195623, 85.3535962857, 91.5764992584, 1490714383.69
107.079368637, -45.6354683922, 85.4445821985, 91.2358343553, 1490714384.69
107.017070482, -45.6322138071, 85.5593755096, 90.9126761945, 1490714385.69
106.954779157, -45.6289558069, 85.6961560407, 90.608670987, 1490714386.69
106.892487831, -45.6256943915, 85.8529865736, 90.3252456504, 1490714387.69
106.830189676, -45.622426146, 86.0280400261, 90.0636624868, 1490714388.69
106.767905181, -45.6191544854, 86.2190178915, 89.8251510861, 1490714389.69
106.705613856, -45.6158794097, 86.4237439157, 89.6105737531, 1490714390.69
106.643322531, -45.6126009189, 86.6399878844, 89.4207195008, 1490714391.69
106.581038035, -45.609319013, 86.8654721234, 89.2561864897, 1490714392.69
106.51875354, -45.6060302769, 87.0980866909, 89.1173963016, 1490714393.69
106.456469045, -45.6027381257, 87.3353235191, 89.004515542, 1490714394.69
106.39418455, -45.5994425595, 87.5748690255, 88.9175550486, 1490714395.69
106.331906886, -45.5961435781, 87.8144183789, 88.8563526707, 1490714396.69
106.26962239, -45.5928411816, 88.0517213683, 88.8205141877, 1490714397.69
106.207344726, -45.589531955, 88.2847038711, 88.8096343894, 1490714398.69
106.145067061, -45.5862193132, 88.5110400344, 88.8228837864, 1490714399.69
106.082789396, -45.5829032564, 88.7286442734, 88.8593663152, 1490714400.69
106.020518561, -45.5795837844, 88.9355116898, 88.918027726, 1490714401.69
105.958240896, -45.5762608974, 89.1297609293, 88.9976329032, 1490714402.69
105.895970062, -45.5729311802, 89.3097130274, 89.0969823954, 1490714403.69
105.833699227, -45.5695980479, 89.4735772006, 89.2144201699, 1490714404.69
105.771428392, -45.5662615005, 89.6198269091, 89.3483076616, 1490714405.69
105.709157558, -45.562921538, 89.7470793298, 89.4968880748, 1490714406.69
105.646893553, -45.5595781604, 89.8541014206, 89.6582990587, 1490714407.69
105.584622719, -45.5562279526, 89.9398933604, 89.830764757, 1490714408.69
105.522358714, -45.5528777448, -89.9965959164, 90.0118825653, 1490714409.69
105.46009471, -45.5495207068, -89.9559785276, 90.1999152667, 1490714410.69
105.397837535, -45.5461602537, -89.9388750788, 90.392513621, 1490714411.69
105.335573531, -45.5427963856, -89.9456674514, 90.5874728415, 1490714412.69
105.273316357, -45.5394256872, -89.9765382475, 90.7827551602, 1490714413.69
105.211052352, -45.5360549889, 89.968468588, 90.9757241612, 1490714414.69
105.148795178, -45.5326774603, 89.8895393394, 91.1645251873, 1490714415.69
105.086538004, -45.5292965167, 89.7870229789, 91.3467319791, 1490714416.69
105.024287659, -45.525912158, 89.6614745524, 91.520146008, 1490714417.69
104.962030485, -45.5225243841, 89.5136015388, 91.6826071355, 1490714418.69
104.899780141, -45.5191331952, 89.3443322281, 91.8320232795, 1490714419.69
104.837529797, -45.5157385912, 89.1547378694, 91.9663670575, 1490714420.69
104.775279453, -45.512337157, 88.9459818121, 92.0838742173, 1490714421.69
104.713029109, -45.5089323077, 88.7195465613, 92.1825192323, 1490714422.69
104.650785595, -45.5055274584, 88.4771300525, 92.2604215671, 1490714423.69
104.588535251, -45.5021157789, 88.2202137377, 92.3162901553, 1490714424.69
104.526291737, -45.4986972692, 87.9506579393, 92.3486594777, 1490714425.69
104.464048223, -45.4952787595, 87.6706817674, 92.3558972141, 1490714426.69
104.401804709, -45.4918568348, 87.3822671871, 92.3369976654, 1490714427.69
104.339561195, -45.4884280798, 87.0874641173, 92.2910881574, 1490714428.69
104.277324511, -45.4849993248, 86.7888812058, 92.2171209618, 1490714429.69
104.215087828, -45.4815637397, 86.4885552635, 92.1146740071, 1490714430.69
104.152851144, -45.4781247394, 86.1890684235, 91.9831785747, 1490714431.69
104.09061446, -45.4746823241, 85.8928930393, 91.8223804742, 1490714432.69
104.028377777, -45.4712364936, 85.6025300302, 91.632222748, 1490714433.69
103.966147923, -45.4677872481, 85.3205027996, 91.4128799482, 1490714434.69
103.903911239, -45.4643345875, 85.0493014651, 91.1646333869, 1490714435.69
103.841681386, -45.4608750967, 84.7912432521, 90.8881252837, 1490714436.69
103.779451532, -45.4574156059, 84.5491621784, 90.5839889754, 1490714437.69
103.717221679, -45.4539492849, 84.3250842959, 90.2532175992, 1490714438.69
103.654998655, -45.4504795488, 84.1215549653, 89.8969514075, 1490714439.69
103.592768802, -45.4470098127, 83.9410469165, 89.5164490162, 1490714440.69
103.530545779, -45.4435332464, 83.7853565597, 89.1132782153, 1490714441.69
103.468322755, -45.440053265, 83.656773508, 88.6890849695, 1490714442.69
103.406099732, -45.4365698685, 83.5572815552, 88.2457223748, 1490714443.69
103.343876709, -45.4330796418, 83.4885590602, 87.7851435891, 1490714444.69
103.281660515, -45.4295894152, 83.4526967536, 87.3096778709, 1490714445.69
103.219437492, -45.4260957734, 83.4511332608, 86.8215009319, 1490714446.69
103.157221299, -45.4225953015, 83.4851031377, 86.3230581027, 1490714447.69
103.095005106, -45.4190948295, 83.5562601207, 85.8170639008, 1490714448.69
103.032788913, -45.4155875274, 83.6653901199, 85.3060107275, 1490714449.69
102.97057955, -45.4120802252, 83.813725461, 84.7929616709, 1490714450.69
102.908363357, -45.4085660929, 84.0017850606, 84.2804814851, 1490714451.69
102.846153994, -45.4050485455, 84.2302186121, 83.7717420544, 1490714452.69
102.783944631, -45.401527583, 84.4994234895, 83.2697413303, 1490714453.69
102.721735268, -45.3980032054, 84.8095478424, 82.7775733139, 1490714454.69
102.659525905, -45.3944754127, 85.1605164779, 82.2983712594, 1490714455.69
102.597323372, -45.3909442049, 85.5519654915, 81.8353225232, 1490714456.69
102.535114009, -45.387409582, 85.9834540738, 81.3915278069, 1490714457.69
102.472911476, -45.383871544, 86.4540677868, 80.9701986597, 1490714458.69
102.410708943, -45.3803300909, 86.9628061831, 80.574429979, 1490714459.69
102.348506411, -45.3767818076, 87.5083005662, 80.2071100331, 1490714460.69
102.286310708, -45.3732335243, 88.0890050698, 79.8716387987, 1490714461.69
102.224108175, -45.369681826, 88.7031405671, 79.5707223543, 1490714462.69
102.161912473, -45.3661232974, 89.3484298082, 79.3070003083, 1490714463.69
102.09971677, -45.3625647689, -89.9774075197, 79.0835322392, 1490714464.69
102.037521068, -45.3590028252, -89.2770403258, 78.9026546309, 1490714465.69
101.975325365, -45.3554340514, -88.5533334377, 78.7665312796, 1490714466.69
101.913136493, -45.3518652775, -87.8095261833, 78.6777019611, 1490714467.69
101.85094079, -45.3482896735, -87.0487345248, 78.6377589374, 1490714468.69
101.788751918, -45.3447106544, -86.2746684895, 78.6485848116, 1490714469.69
101.726563045, -45.3411316352, -85.4910185376, 78.7118528413, 1490714470.69
101.664374173, -45.3375457859, -84.7014804862, 78.8284109112, 1490714471.69
101.602192131, -45.3339565215, -83.9101351295, 78.9993464281, 1490714472.69
101.540003258, -45.3303672571, -83.1209575045, 79.2255626538, 1490714473.69
101.477821216, -45.3267711625, -82.3379558972, 79.5070081684, 1490714474.69
101.415639174, -45.3231716528, -81.5652289875, 79.8439761061, 1490714475.69
101.353457132, -45.3195721431, -80.8069725995, 80.2363959346, 1490714476.69
101.291275089, -45.3159658032, -80.0669319538, 80.6834726259, 1490714477.69
101.229099877, -45.3123560483, -79.3492303621, 81.1844936806, 1490714478.69
101.166917835, -45.3087462933, -78.6577417933, 81.7386429489, 1490714479.69
101.104742623, -45.3051297081, -77.995982529, 82.344191821, 1490714480.69
101.042567411, -45.3015097079, -77.3676250418, 82.9997336434, 1490714481.69
100.980392199, -45.2978897076, -76.7762764327, 83.7034984297, 1490714482.69
100.918216987, -45.2942628772, -76.2248540526, 84.453218904, 1490714483.69
100.856048605, -45.2906326316, -75.7166676238, 85.2465757503, 1490714484.69
100.793873393, -45.286998971, -75.2545866716, 86.0812298549, 1490714485.69
100.731705011, -45.2833653103, -74.8416326588, 86.9542936152, 1490714486.69
100.66953663, -45.2797248195, -74.4799998769, 87.8628590772, 1490714487.69
100.607368248, -45.2760843287, -74.1725239916, 88.8038944429, 1490714488.69
100.545206696, -45.2724370077, -73.9211152836, 89.7739877496, 1490714489.69
100.483038314, -45.2687862716, -73.7281115628, 90.7699585848, 1490714490.69
100.420876763, -45.2651355354, -73.5957176955, 91.7879961094, 1490714491.69
100.358715211, -45.2614779691, -73.5254212137, 92.8245224099, 1490714492.69
100.296553659, -45.2578204028, -73.519358554, 93.8756304665, 1490714493.69
100.234392108, -45.2541594214, -73.5789544472, 94.9373533008, 1490714494.69
100.172230556, -45.2504916099, -73.7055132562, 96.0056400376, 1490714495.69
100.110075835, -45.2468237983, -73.9007177573, 97.0760189843, 1490714496.69
100.047921113, -45.2431491565, -74.1654467008, 98.1443806774, 1490714497.69
99.9857663918, -45.2394745147, -74.5011143308, 99.20608084, 1490714498.69
99.9236116703, -45.2357964579, -74.9084206732, 100.256604039, 1490714499.69
99.8614569489, -45.2321149859, -75.3880501494, 101.291251746, 1490714500.69
99.7993090576, -45.2284300988, -75.9403794259, 102.305132049, 1490714501.69
99.7371543362, -45.2247417967, -76.5657684703, 103.293554396, 1490714502.69
99.6750064449, -45.2210500794, -77.2639504928, 104.251374207, 1490714503.69
99.6128585537, -45.2173549471, -78.034576867, 105.173670457, 1490714504.69
99.5507106624, -45.2136563997, -78.876833722, 106.055389813, 1490714505.69
99.4885627712, -45.2099544371, -79.7894779444, 106.891466936, 1490714506.69
99.4264217101, -45.2062490595, -80.770667191, 107.676791771, 1490714507.69
99.364280649, -45.2025436819, -81.8183582336, 108.40626895, 1490714508.69
99.3021327578, -45.1988314741, -82.9297023004, 109.075398166, 1490714509.69
99.2399916967, -45.1951192663, -84.1011996214, 109.678953438, 1490714510.69
99.1778574658, -45.1914002283, -85.3286902032, 110.212753543, 1490714511.69
99.1157164047, -45.1876811903, -86.6079293939, 110.67215725, 1490714512.69
99.0535753437, -45.1839553221, -87.9334395233, 111.0534623, 1490714513.69
98.9914411128, -45.1802294539, -89.2992719942, 111.352577064, 1490714514.69
98.9293068819, -45.1765001706, 89.3008613469, 111.566417758, 1490714515.69
98.867172651, -45.1727674722, 87.8738504226, 111.692130641, 1490714516.69
98.8050384202, -45.1690313587, 86.4269936451, 111.727351297, 1490714517.69
98.7429110195, -45.1652918302, 84.9680565764, 111.670274712, 1490714518.69
98.6807767886, -45.1615523016, 83.5046046946, 111.519367815, 1490714519.69
98.6186493879, -45.1578059428, 82.0447353166, 111.274368043, 1490714520.69
98.5565219872, -45.1540595841, 80.5962996937, 110.934727828, 1490714521.69
98.4943945865, -45.1503063951, 79.1668570015, 110.501231123, 1490714522.69
98.4322671858, -45.1465532062, 77.7640645183, 109.974505709, 1490714523.69
98.3701397851, -45.1427966021, 76.3949549931, 109.356233701, 1490714524.69
98.3080192146, -45.139036583, 75.0663514522, 108.648513685, 1490714525.69
98.2458986441, -45.1352731488, 73.7843240939, 107.853712535, 1490714526.69
98.1837712434, -45.1315062994, 72.5544448553, 106.974571262, 1490714527.69
98.1216575031, -45.127736035, 71.3821989626, 106.014661855, 1490714528.69
98.0595369326, -45.1239657706, 70.2720090718, 104.97705231, 1490714529.69
97.9974163621, -45.120188676, 69.2277397358, 103.865901231, 1490714530.69
97.9353026218, -45.1164115814, 68.2533823714, 102.685162615, 1490714531.69
97.8731820513, -45.1126310717, 67.3517191975, 101.438879828, 1490714532.69
97.811068311, -45.1088471469, 66.5256182813, 100.13171097, 1490714533.69
97.7489545707, -45.105059807, 65.7773609105, 98.7679935514, 1490714534.69
97.6868476606, -45.101269052, 65.1090645117, 97.3524714262, 1490714535.69
97.6247339203, -45.0974748819, 64.5224673866, 95.8894763031, 1490714536.69
97.5626270101, -45.0936807118, 64.0195104376, 94.3840330404, 1490714537.69
97.5005132698, -45.0898831266, 63.6014846486, 92.8406349796, 1490714538.69
97.4384063597, -45.0860787113, 63.269716416, 91.2644726885, 1490714539.69
97.3762994496, -45.0822742959, 63.026027228, 89.6602412529, 1490714540.69
97.3141925395, -45.0784664654, 62.8717011973, 88.0329197845, 1490714541.69
97.2520924595, -45.074658635, 62.8084468466, 86.3877462935, 1490714542.69
97.1899855494, -45.0708439743, 62.8375287812, 84.7294509163, 1490714543.69
97.1278854695, -45.0670293137, 62.961007117, 83.0636794192, 1490714544.69
97.0657853895, -45.0632112379, 63.1805533817, 81.3955838873, 1490714545.69
97.0036853096, -45.0593897471, 63.4981332619, 79.7306653394, 1490714546.69
96.9415852297, -45.0555648411, 63.9158263066, 78.074593084, 1490714547.69
96.8794919799, -45.0517365201, 64.4357209106, 76.4333959216, 1490714548.69
96.8173919, -45.047904784, 65.0602102082, 74.8128045068, 1490714549.69
96.7552986502, -45.0440730479, 65.7915289328, 73.2195616194, 1490714550.69
96.6932054005, -45.0402378966, 66.6317670096, 71.6599630539, 1490714551.69
96.6311121508, -45.0363993303, 67.5829655143, 70.1408204325, 1490714552.69
96.569018901, -45.0325573489, 68.6469119428, 68.6692113139, 1490714553.69
96.5069256513, -45.0287119524, 69.8250081449, 67.2524752412, 1490714554.69
96.4448392317, -45.0248665559, 71.118087318, 65.8984748146, 1490714555.69
96.382745982, -45.0210177443, 72.5264569718, 64.6146154674, 1490714556.69
96.3206595624, -45.0171655176, 74.049005435, 63.4091101658, 1490714557.69
96.2585731429, -45.0133098758, 75.6840149128, 62.2899031513, 1490714558.69
96.1964867233, -45.009450819, 77.4282827082, 61.2650805821, 1490714559.69
96.1344071339, -45.0055917621, 79.2769573624, 60.3428898657, 1490714560.69
96.0723207144, -45.0017292901, 81.2239752321, 59.5307652046, 1490714561.69
96.010241125, -44.997863403, 83.2607246159, 58.836227757, 1490714562.69
95.9481547055, -44.9939941009, 85.3776806301, 58.2660244617, 1490714563.69
95.8860751161, -44.9901213836, 87.5626059813, 57.826379758, 1490714564.69
95.8240023569, -44.9862486663, 89.8020987416, 57.5227216574, 1490714565.69
95.7619227675, -44.982372534, -87.9181522589, 57.3590925801, 1490714566.69
95.6998431782, -44.9784929865, -85.6142067565, 57.3386188649, 1490714567.69
95.637770419, -44.974610024, -83.3027506788, 57.4631307058, 1490714568.69
95.5756908296, -44.9707270615, -80.9999487629, 57.7334868303, 1490714569.69
95.5136180705, -44.9668372687, -78.7224583739, 58.1485163701, 1490714570.69
95.4515453113, -44.962947476, -76.4856937713, 58.7067164084, 1490714571.69
95.3894793823, -44.9590576833, -74.3042822518, 59.4049001593, 1490714572.69
95.3274066231, -44.9551610603, -72.1904622715, 60.2388295229, 1490714573.69
95.2653406941, -44.9512644374, -70.156132081, 61.2036532187, 1490714574.69
95.203267935, -44.9473643994, -68.2102259979, 62.2937754281, 1490714575.69
95.141202006, -44.9434609463, -66.3608173285, 63.5026901382, 1490714576.69
95.079136077, -44.9395540781, -64.6136783746, 64.8239080165, 1490714577.69
95.017070148, -44.9356472099, -62.9733837882, 66.2506762871, 1490714578.69
94.955004219, -44.9317369266, -61.4427971867, 67.7758537903, 1490714579.69
94.8929451202, -44.9278232282, -60.0238820915, 69.3922215919, 1490714580.69
94.8308791912, -44.9239095298, -58.7174240524, 71.093292973, 1490714581.69
94.7688200924, -44.9199924163, -57.5236079522, 72.8717203407, 1490714582.69
94.7067609936, -44.9160718877, -56.4418721117, 74.7210299556, 1490714583.69
94.6447018948, -44.912147944, -55.4714157597, 76.6347460834, 1490714584.69
94.582642796, -44.9082205853, -54.6112360708, 78.6065983136, 1490714585.69
94.5205905274, -44.9042932265, -53.8605181477, 80.630332835, 1490714586.69
94.4585314286, -44.9003624526, -53.217960431, 82.7004740788, 1490714587.69
94.39647916, -44.8964316788, -52.6830304263, 84.8108849944, 1490714588.69
94.3344268914, -44.8924940747, -52.2547324472, 86.9561953409, 1490714589.69
94.2723746228, -44.8885564706, -51.9332476025, 89.1310139068, 1490714590.69
94.2103223542, -44.8846154515, -51.7185836022, 91.3299710522, 1490714591.69
94.1482700856, -44.8806744323, -51.6116102251, 93.5477452135, 1490714592.69
94.0862246471, -44.8767299981, -51.6132978855, 95.7787789797, 1490714593.69
94.0241723785, -44.8727821488, -51.7254625023, 98.0181953633, 1490714594.69
93.9621269401, -44.8688308843, -51.9504041855, 100.260041177, 1490714595.69
93.9000815017, -44.8648796199, -52.2913638418, 102.498877857, 1490714596.69
93.8380360633, -44.8609249404, -52.7518325016, 104.728888619, 1490714597.69
93.7759906248, -44.8569668457, -53.3361822264, 106.943935834, 1490714598.69
93.7139451864, -44.8530087511, -54.0496640036, 109.13744568, 1490714599.69
93.6519065782, -44.8490472414, -54.8976972379, 111.30233382, 1490714600.69
93.5898611398, -44.8450823166, -55.8868851532, 113.431630842, 1490714601.69
93.5278225315, -44.8411139767, -57.0238848015, 115.516888516, 1490714602.69
93.4657839233, -44.8371456368, -58.3163460747, 117.549556, 1490714603.69
93.4037453151, -44.8331738818, -59.7716653713, 119.520348465, 1490714604.69
93.3417067069, -44.8292021268, -61.3975476864, 121.418962893, 1490714605.69
93.2796749288, -44.8252269567, -63.2007064541, 123.234350375, 1490714606.69
93.2176363206, -44.8212483715, -65.1877880741, 124.955056047, 1490714607.69
93.1556045425, -44.8172663712, -67.3629909316, 126.568128371, 1490714608.69
93.0935727645, -44.8132843709, -69.7290691349, 128.06026941, 1490714609.69
93.0315409865, -44.8092989555, -72.2851388434, 129.417802318, 1490714610.69
92.9695092084, -44.8053135401, -75.0265412496, 130.626456524, 1490714611.69
92.9074774304, -44.8013247097, -77.9435084062, 131.672414689, 1490714612.69
92.8454456523, -44.7973324641, -81.0208361022, 132.542252665, 1490714613.69
92.7834207045, -44.7933368034, -84.2370223545, 133.223604394, 1490714614.69
92.7213957566, -44.7893411428, -87.5654642658, 133.705706448, 1490714615.69
92.6593639786, -44.7853454821, 89.0256542938, 133.980135766, 1490714616.69
92.5973390307, -44.7813429912, 85.5731303695, 134.041577416, 1490714617.69
92.5353209131, -44.7773405004, 82.1151835645, 133.887064666, 1490714618.69
92.4732959652, -44.7733345944, 78.6893453274, 133.517246419, 1490714619.69
92.4112710174, -44.7693286885, 75.3324326878, 132.935610033, 1490714620.69
92.3492528997, -44.7653193675, 72.0773249162, 132.148930014, 1490714621.69
92.2872279518, -44.7613066313, 68.950864409, 131.165823015, 1490714622.69
92.2252098342, -44.7572938952, 65.9755905835, 129.997059309, 1490714623.69
92.1631917165, -44.7532777439, 63.1668349912, 128.654630744, 1490714624.69
92.1011735988, -44.7492615927, 60.5349286548, 127.151052926, 1490714625.69
92.0391554812, -44.7452420264, 58.0849241713, 125.499395159, 1490714626.69
91.9771441937, -44.741219045, 55.8181219448, 123.712651437, 1490714627.69
91.915126076, -44.7371960635, 53.7321264166, 121.802632943, 1490714628.69
91.8531147886, -44.733169667, 51.8226859598, 119.781658855, 1490714629.69
91.7911035011, -44.7291398554, 50.0835075628, 117.66050775, 1490714630.69
91.7290922136, -44.7251100438, 48.50775947, 115.449302188, 1490714631.69
91.6670809261, -44.7210768171, 47.0877865213, 113.157555028, 1490714632.69
91.6050696387, -44.7170435904, 45.8162826693, 110.793832635, 1490714633.69
91.5430583512, -44.7130069486, 44.6858076259, 108.366125462, 1490714634.69
91.4810538939, -44.7089668917, 43.6896669768, 105.881954064, 1490714635.69
91.4190426064, -44.7049268348, 42.8217443551, 103.347354152, 1490714636.69
91.3570381492, -44.7008833628, 42.0765694184, 100.769063381, 1490714637.69
91.2950336919, -44.6968398908, 41.449651737, 98.1524285149, 1490714638.69
91.2330292346, -44.6927930038, 40.9370389822, 95.5027609847, 1490714639.69
91.1710247773, -44.6887427016, 40.5358679428, 92.8250183396, 1490714640.69
91.10902032, -44.6846923994, 40.2443967371, 90.123913485, 1490714641.69
91.0470226929, -44.6806420972, 40.0616360637, 87.4043060347, 1490714642.69
90.9850182356, -44.6765849648, 39.9872264115, 84.6700177008, 1490714643.69
90.9230206085, -44.6725278325, 40.0225922208, 81.92605684, 1490714644.69
90.8610229814, -44.6684707001, 40.169920375, 79.1765640789, 1490714645.69
90.7990253543, -44.6644101527, 40.432371748, 76.4260478078, 1490714646.69
90.7370277272, -44.6603461901, 40.8145773355, 73.6792200888, 1490714647.69
90.6750301002, -44.6562822275, 41.3227521942, 70.9411258582, 1490714648.69
90.6130393032, -44.652218265, 41.9643256861, 68.2174514787, 1490714649.69
90.5510416761, -44.6481474722, 42.7482863023, 65.5133641652, 1490714650.69
90.4890508792, -44.6440800946, 43.6860283689, 62.8361504151, 1490714651.69
90.4270532521, -44.6400058867, 44.7902220152, 60.1923144076, 1490714652.69
90.3650624552, -44.6359316789, 46.0761392314, 57.5908312023, 1490714653.69
90.3030716583, -44.6318574711, 47.5613612052, 55.0408650586, 1490714654.69
90.2410876916, -44.6277798481, 49.2652260029, 52.5534156394, 1490714655.69
90.1790968947, -44.6236988101, 51.2101613574, 50.1404637573, 1490714656.69
90.1171060978, -44.6196177721, 53.4200641492, 47.816856712, 1490714657.69
90.0551221311, -44.615536734, 55.9196995825, 45.5995216104, 1490714658.69
89.9931313342, -44.6114522809, 58.7344912637, 43.5070283232, 1490714659.69
89.9311473675, -44.6073644127, 61.8867100481, 41.5615480463, 1490714660.69
89.8691634007, -44.6032765445, 65.3947401176, 39.7873367455, 1490714661.69
89.807179434, -44.5991852612, 69.2673087752, 38.2107608668, 1490714662.69
89.7451954673, -44.5950939779, 73.499681116, 36.8599441981, 1490714663.69
89.6832183308, -44.5909992795, 78.0676298052, 35.7628298243, 1490714664.69
89.6212343641, -44.586904581, 82.9261783205, 34.9456480601, 1490714665.69
89.5592572275, -44.5828064675, 88.0043757086, 34.4304673606, 1490714666.69
89.4972732608, -44.578708354, -86.7871455886, 34.233101067, 1490714667.69
89.4352961243, -44.5746068254, -81.5532291659, 34.3607015372, 1490714668.69
89.3733189878, -44.5705052969, -76.3993860354, 34.8115812805, 1490714669.69
89.3113418512, -44.5664003532, -71.4224627496, 35.5748012333, 1490714670.69
89.2493647147, -44.5622954095, -66.7012694284, 36.632384593, 1490714671.69
89.1873944084, -44.5581870507, -62.2917321938, 37.9605837286, 1490714672.69
89.1254172718, -44.5540752768, -58.2250676844, 39.5334935691, 1490714673.69
89.0634469655, -44.549966918, -54.5142095007, 41.3239939329, 1490714674.69
89.001469829, -44.545851729, -51.1536750833, 43.3058447197, 1490714675.69
88.9394995226, -44.5417365401, -48.129550518, 45.4544605694, 1490714676.69
88.8775292163, -44.5376213511, -45.4199315899, 47.74802016, 1490714677.69
88.8155589099, -44.533502747, -42.9998629468, 50.1669231035, 1490714678.69
88.7535886036, -44.529384143, -40.844009307, 52.6942847688, 1490714679.69
88.6916182973, -44.5252655389, -38.9275384428, 55.3154097103, 1490714680.69
88.6296548211, -44.5211401046, -37.2269659928, 58.0172059206, 1490714681.69
88.5676845148, -44.5170180855, -35.7215168475, 60.7896952421, 1490714682.69
88.5057210386, -44.5128926512, -34.3922108311, 63.6228090691, 1490714683.69
88.4437575625, -44.5087638018, -33.2223543898, 66.5088840232, 1490714684.69
88.3817940863, -44.5046349525, -32.1977837907, 69.4410792925, 1490714685.69
88.3198306102, -44.500502688, -31.3059557675, 72.413367385, 1490714686.69
88.257867134, -44.4963704236, -30.5366086038, 75.4205632172, 1490714687.69
88.1959036579, -44.4922381592, -29.8809918399, 78.4580583994, 1490714688.69
88.1339401817, -44.4881024796, -29.3317347739, 81.5217412678, 1490714689.69
88.0719835358, -44.4839668001, -28.8833385652, 84.6076173555, 1490714690.69
88.0100200596, -44.4798277054, -28.5312090512, 87.7130169754, 1490714691.69
87.9480634136, -44.4756886108, -28.2725141447, 90.8341765295, 1490714692.69
87.8861067677, -44.4715461011, -28.1052472509, 93.9685413285, 1490714693.69
87.8241501217, -44.4674035913, -28.0290664183, 97.1133361135, 1490714694.69
87.7621934758, -44.4632576665, -28.0445209094, 100.265864293, 1490714695.69
87.7002368298, -44.4591117417, -28.1539039271, 103.423406651, 1490714696.69
87.6382801838, -44.4549658169, -28.3607733929, 106.583190008, 1490714697.69
87.5763303681, -44.4508164769, -28.6700361573, 109.742001556, 1490714698.69
87.5143737221, -44.446667137, -29.0890323311, 112.897388163, 1490714699.69
87.4524239063, -44.442514382, -29.6265559802, 116.045288039, 1490714700.69
87.3904740906, -44.438361627, -30.29455295, 119.182162591, 1490714701.69
87.3285174446, -44.434208872, -31.1078518764, 122.303932238, 1490714702.69
87.2665676288, -44.4300527019, -32.0843671104, 125.404822596, 1490714703.69
87.2046178131, -44.4258931166, -33.2470710231, 128.479033087, 1490714704.69
87.1426748275, -44.4217369465, -34.6246528626, 131.518637069, 1490714705.69
87.0807250117, -44.4175739462, -36.2520476783, 134.515345772, 1490714706.69
87.0187751959, -44.413414361, -38.1735191835, 137.457131441, 1490714707.69
86.9568322103, -44.4092513607, -40.442245557, 140.329420915, 1490714708.69
86.8948892248, -44.4050883604, -43.1248021825, 143.114006386, 1490714709.69
86.832939409, -44.400921945, -46.3010893602, 145.787620857, 1490714710.69
86.7709964234, -44.3967555296, -50.0641005052, 148.319148044, 1490714711.69
86.7090534378, -44.3925856992, -54.5178837811, 150.670028371, 1490714712.69
86.6471104522, -44.3884158687, -59.7669812984, 152.790971762, 1490714713.69
86.5851674667, -44.3842460382, -65.8943222071, 154.622000574, 1490714714.69
86.5232313113, -44.3800727926, -72.9236804189, 156.094236506, 1490714715.69
86.4612883257, -44.375899547, -80.7758421314, 157.136181288, 1490714716.69
86.3993453401, -44.3717263014, -89.2255624582, 157.685205136, 1490714717.69
86.3374091847, -44.3675496408, 82.0876748123, 157.703160885, 1490714718.69
86.2754730293, -44.3633729801, 73.583133958, 157.186882158, 1490714719.69
86.2135300437, -44.3591929043, 65.6309448858, 156.169487478, 1490714720.69
86.1515938883, -44.3550128285, 58.4740597338, 154.710062603, 1490714721.69
86.0896577329, -44.3508327528, 52.2072701408, 152.878558716, 1490714722.69
86.0277284077, -44.3466492619, 46.8152700873, 150.744116611, 1490714723.69
85.9657922523, -44.342465771, 42.2185131836, 148.366505828, 1490714724.69
85.903856097, -44.3382822802, 38.3141414458, 145.795804511, 1490714725.69
85.8419267717, -44.3340953742, 34.9971961609, 143.07205826, 1490714726.69
85.7799906164, -44.3299084682, 32.1720276484, 140.225461096, 1490714727.69
85.7180612911, -44.3257181472, 29.7571640833, 137.280729843, 1490714728.69
85.6561251358, -44.3215312412, 27.6846049486, 134.255639265, 1490714729.69
85.5941958106, -44.3173409202, 25.8984097138, 131.165512158, 1490714730.69
85.5322664853, -44.313147184, 24.3529818431, 128.021354609, 1490714731.69
85.4703371601, -44.3089534479, 23.0117047929, 124.832095552, 1490714732.69
85.4084078349, -44.3047597117, 21.8446300674, 121.604918078, 1490714733.69
85.3464853399, -44.3005659756, 20.8274658275, 118.345978615, 1490714734.69
85.2845560147, -44.2963688243, 19.939966316, 115.059291332, 1490714735.69
85.2226266895, -44.2921716731, 19.1662097694, 111.749055563, 1490714736.69
85.1607041945, -44.2879711067, 18.4927535804, 108.418881316, 1490714737.69
85.0987748693, -44.2837739555, 17.9090663163, 105.070681192, 1490714738.69
85.0368523743, -44.2795733892, 17.4059728468, 101.707522496, 1490714739.69
84.9749298793, -44.2753694077, 16.9762869223, 98.3309808242, 1490714740.69
84.9130073842, -44.2711654263, 16.6144988292, 94.9427371886, 1490714741.69
84.8510848892, -44.2669614449, 16.3161542227, 91.5442805616, 1490714742.69
84.7891623942, -44.2627574634, 16.0779215007, 88.1369352521, 1490714743.69
84.7272398992, -44.258553482, 15.8975013136, 84.7218975649, 1490714744.69
84.6653242344, -44.2543460855, 15.7733620353, 81.300635672, 1490714745.69
84.6034017394, -44.2501352738, 15.7051759517, 77.8734187747, 1490714746.69
84.5414792443, -44.2459278773, 15.6939777178, 74.441633516, 1490714747.69
84.4795635795, -44.2417170657, 15.7410441535, 71.0066052947, 1490714748.69
84.4176479147, -44.2375062541, 15.8495046491, 67.5689556782, 1490714749.69
84.3557322499, -44.2332954424, 16.023647579, 64.1297142536, 1490714750.69
84.2938097549, -44.2290812157, 16.2692560735, 60.6895864209, 1490714751.69
84.23189409, -44.224866989, 16.5944125626, 57.2505779694, 1490714752.69
84.1699784252, -44.2206527623, 17.009748521, 53.8137284416, 1490714753.69
84.1080695906, -44.2164351205, 17.5288720011, 50.3810501906, 1490714754.69
84.0461539257, -44.2122208937, 18.170899722, 46.9539191815, 1490714755.69
83.9842382609, -44.2080032519, 18.9598177048, 43.5352097051, 1490714756.69
83.9223225961, -44.203782195, 19.9287202061, 40.1282564608, 1490714757.69
83.8604137614, -44.1995645532, 21.1233649346, 36.7379989893, 1490714758.69
83.7985049268, -44.1953434963, 22.6066003036, 33.3701236547, 1490714759.69
83.736589262, -44.1911224394, 24.4693974484, 30.0331123356, 1490714760.69
83.6746804273, -44.1868979674, 26.8432706474, 26.7405782036, 1490714761.69
83.6127715927, -44.1826769105, 29.9285563565, 23.5122382032, 1490714762.69
83.5508627581, -44.1784524385, 34.0327562538, 20.3798606386, 1490714763.69
83.4889539234, -44.1742279665, 39.6422984567, 17.3970623231, 1490714764.69
83.4270450888, -44.1700000794, 47.5158340039, 14.6570570768, 1490714765.69
83.3651362542, -44.1657756074, 58.7303348754, 12.3251445936, 1490714766.69
83.3032274195, -44.1615477203, 74.2800043617, 10.673955415, 1490714767.69
83.2413254151, -44.1573198332, -86.4792823888, 10.0472198059, 1490714768.69
83.1794165804, -44.1530919461, -67.1371849649, 10.6294753754, 1490714769.69
83.117514576, -44.1488606439, -51.3844898026, 12.250677885, 1490714770.69
83.0556057414, -44.1446293417, -39.977152477, 14.569602792, 1490714771.69
82.9937037369, -44.1403980395, -31.9507696767, 17.3085209248, 1490714772.69
82.9318017325, -44.1361667373, -26.217733007, 20.2989880902, 1490714773.69
82.869899728, -44.1319354351, -22.0051481219, 23.44552234, 1490714774.69
82.8079977236, -44.1277007179, -18.8168138765, 26.6934058462, 1490714775.69
82.7460957191, -44.1234660006, -16.3386529934, 30.0101974496, 1490714776.69
82.6841937147, -44.1192312833, -14.3672831219, 33.3756865317, 1490714777.69
82.6222917102, -44.114996566, -12.7675599657, 36.7767813108, 1490714778.69
82.5603897058, -44.1107584336, -11.4467757914, 40.2046492137, 1490714779.69
82.4984945315, -44.1065203012, -10.3404183364, 43.6528273271, 1490714780.69
82.4365925271, -44.1022821689, -9.40156159533, 47.1177085789, 1490714781.69
82.3746973528, -44.0980440365, -8.59590486417, 50.5953126012, 1490714782.69
82.3127953484, -44.0938059041, -7.89746505515, 54.0840048309, 1490714783.69
82.2509001741, -44.0895643566, -7.28630215022, 57.5811551007, 1490714784.69
82.1890049998, -44.0853262243, -6.74744326035, 61.0857442709, 1490714785.69
82.1271098256, -44.0810846768, -6.26827487575, 64.5966110626, 1490714786.69
82.0652078211, -44.0768431293, -5.83927414415, 68.113244492, 1490714787.69
82.0033126469, -44.0725981667, -5.45236794389, 71.6341160252, 1490714788.69
81.9414174726, -44.0683566193, -5.10145554868, 75.1590137898, 1490714789.69
81.8795291285, -44.0641116567, -4.78072403882, 78.6870244591, 1490714790.69
81.8176339543, -44.0598666941, -4.4857978946, 82.2185003229, 1490714791.69
81.75573878, -44.0556217316, -4.21277960853, 85.7526814992, 1490714792.69
81.6938436058, -44.051376769, -3.9582756403, 89.2892485043, 1490714793.69
81.6319552617, -44.0471318064, -3.71928657409, 92.8275320128, 1490714794.69
81.5700600874, -44.0428868438, -3.49311311015, 96.3680669356, 1490714795.69
81.5081717434, -44.0386384662, -3.27706649118, 99.909854467, 1490714796.69
81.4462833993, -44.0343900885, -3.06899375375, 103.453085757, 1490714797.69
81.384388225, -44.0301417109, -2.86661705893, 106.99796959, 1490714798.69
81.322499881, -44.0258933332, -2.66763488249, 110.543555009, 1490714799.69
81.2606115369, -44.0216449555, -2.46967622602, 114.090072624, 1490714800.69
81.1987231928, -44.0173931628, -2.26996717204, 117.637371514, 1490714801.69
81.1368348488, -44.0131447851, -2.0660991175, 121.185292051, 1490714802.69
81.0749465047, -44.0088929923, -1.85434271426, 124.733686766, 1490714803.69
81.0130581606, -44.0046411996, -1.63100664903, 128.282390308, 1490714804.69
80.9511698166, -44.0003894068, -1.39127327476, 131.831227688, 1490714805.69
80.8892883027, -43.9961376141, -1.12901331307, 135.379610773, 1490714806.69
